"TIME","ZETA","EFT","SEQ","SEQF","OMEGAK","FU","ESS","AS","LS","Z1","Z2","OMEGAA","DEN","MD","SP","NAME","ITEST"
"1",0,0,0,0,0,0,0,0,-3450000,-3450000,0,0,0,0.7287,0,0,"BEAN","SC1B"
"2",100,0,0,0,0,0,0,0,-4140000,-3450000,0.0002222,-0.0008915,0,0.729,0,0,"BEAN","SC1B"
"3",200,0.001541,0.3157,5682000,39550000,0.2308,6.868,2.627e-06,-4140000,-3450000,-0.0008347,-0.002881,5.948,0.732,1.804e-05,9.288e-06,"BEAN","SC1B"
"4",305,0.002701,0.2922,5681000,38550000,0.2308,7.353,1.738e-06,-4140000,-3450000,-0.001704,-0.004511,5.87,0.7345,1.278e-05,8.598e-06,"BEAN","SC1B"
"5",415.2,0.00362,0.2732,5681000,37690000,0.2308,7.786,1.229e-06,-4140000,-3450000,-0.002458,-0.00592,5.804,0.7366,9.57e-06,8.041e-06,"BEAN","SC1B"
"6",511.7,0.004309,0.259,5681000,37030000,0.2308,8.135,9.421e-07,-4140000,-3450000,-0.003053,-0.007031,5.752,0.7383,7.664e-06,7.627e-06,"BEAN","SC1B"
"7",600.3,0.004851,0.2477,5680000,36480000,0.2308,8.43,7.591e-07,-4140000,-3450000,-0.00355,-0.007955,5.708,0.7398,6.399e-06,7.299e-06,"BEAN","SC1B"
"8",703.5,0.005379,0.2364,5680000,35910000,0.2308,8.741,6.093e-07,-4140000,-3450000,-0.004068,-0.008918,5.663,0.7412,5.326e-06,6.97e-06,"BEAN","SC1B"
"9",801.4,0.005804,0.227,5680000,35430000,0.2308,9.013,5.065e-07,-4140000,-3450000,-0.004514,-0.009747,5.624,0.7425,4.565e-06,6.7e-06,"BEAN","SC1B"
"10",906.7,0.006198,0.2181,5680000,34960000,0.2308,9.283,4.238e-07,-4140000,-3450000,-0.004956,-0.01056,5.586,0.7438,3.934e-06,6.442e-06,"BEAN","SC1B"
"11",1002,0.00651,0.2108,5679000,34570000,0.2308,9.512,3.66e-07,-4140000,-3450000,-0.005328,-0.01125,5.554,0.7448,3.481e-06,6.233e-06,"BEAN","SC1B"
"12",1111,0.006827,0.2033,5679000,34150000,0.2308,9.758,3.139e-07,-4140000,-3450000,-0.005726,-0.01199,5.52,0.746,3.063e-06,6.017e-06,"BEAN","SC1B"
"13",1218,0.007101,0.1966,5679000,33780000,0.2308,9.983,2.736e-07,-4140000,-3450000,-0.006091,-0.01266,5.489,0.747,2.732e-06,5.825e-06,"BEAN","SC1B"
"14",1316,0.00733,0.1909,5679000,33450000,0.2308,10.18,2.431e-07,-4140000,-3450000,-0.006411,-0.01325,5.462,0.748,2.475e-06,5.662e-06,"BEAN","SC1B"
"15",1403,0.007513,0.1862,5679000,33170000,0.2308,10.35,2.206e-07,-4140000,-3450000,-0.00668,-0.01374,5.439,0.7487,2.283e-06,5.529e-06,"BEAN","SC1B"
"16",1521,0.007743,0.1803,5678000,32820000,0.2308,10.56,1.949e-07,-4140000,-3450000,-0.007031,-0.01439,5.409,0.7497,2.058e-06,5.36e-06,"BEAN","SC1B"
"17",1625,0.007926,0.1755,5678000,32520000,0.2308,10.74,1.76e-07,-4140000,-3450000,-0.007324,-0.01492,5.385,0.7506,1.89e-06,5.222e-06,"BEAN","SC1B"
"18",1708,0.008063,0.1718,5678000,32290000,0.2308,10.88,1.629e-07,-4140000,-3450000,-0.007552,-0.01534,5.365,0.7512,1.771e-06,5.118e-06,"BEAN","SC1B"
"19",1828,0.008245,0.1669,5678000,31980000,0.2308,11.06,1.466e-07,-4140000,-3450000,-0.007867,-0.01592,5.339,0.7521,1.622e-06,4.977e-06,"BEAN","SC1B"
"20",1924,0.008382,0.1632,5678000,31740000,0.2308,11.21,1.353e-07,-4140000,-3450000,-0.008111,-0.01636,5.319,0.7528,1.517e-06,4.87e-06,"BEAN","SC1B"
"21",2030,0.008522,0.1598,5678000,31520000,0.2308,11.33,1.26e-07,-4140000,-3450000,-0.008333,-0.01677,5.3,0.7535,1.427e-06,3.866e-06,"BEAN","SC1B"
"22",2109,0.008622,0.1574,5678000,31370000,0.2308,11.42,1.196e-07,-4140000,-3450000,-0.008495,-0.01706,5.286,0.7539,1.366e-06,3.807e-06,"BEAN","SC1B"
"23",2241,0.008779,0.1536,5678000,31110000,0.2308,11.56,1.102e-07,-4140000,-3450000,-0.008757,-0.01754,5.265,0.7547,1.273e-06,3.713e-06,"BEAN","SC1B"
"24",2335,0.008884,0.1511,5677000,30940000,0.2308,11.65,1.042e-07,-4140000,-3450000,-0.008937,-0.01787,5.25,0.7552,1.214e-06,3.65e-06,"BEAN","SC1B"
"25",2433,0.008989,0.1485,5677000,30760000,0.2308,11.74,9.857e-08,-4140000,-3450000,-0.009121,-0.0182,5.234,0.7558,1.157e-06,3.587e-06,"BEAN","SC1B"
"26",2535,0.009093,0.1459,5677000,30580000,0.2308,11.83,9.318e-08,-4140000,-3450000,-0.009308,-0.01854,5.219,0.7563,1.103e-06,3.524e-06,"BEAN","SC1B"
"27",2641,0.009197,0.1433,5677000,30400000,0.2308,11.93,8.805e-08,-4140000,-3450000,-0.009499,-0.01889,5.203,0.7568,1.05e-06,3.46e-06,"BEAN","SC1B"
"28",2753,0.009301,0.1407,5677000,30220000,0.2308,12.02,8.317e-08,-4140000,-3450000,-0.009693,-0.01924,5.187,0.7574,9.997e-07,3.396e-06,"BEAN","SC1B"
"29",2811,0.009352,0.1394,5677000,30120000,0.2308,12.07,8.082e-08,-4140000,-3450000,-0.009792,-0.01942,5.179,0.7577,9.751e-07,3.365e-06,"BEAN","SC1B"
"30",2931,0.009455,0.1368,5677000,29930000,0.2308,12.16,7.63e-08,-4140000,-3450000,-0.009993,-0.01979,5.162,0.7583,9.275e-07,3.301e-06,"BEAN","SC1B"
"31",3056,0.009558,0.1342,5677000,29740000,0.2308,12.25,7.201e-08,-4140000,-3450000,-0.0102,-0.02016,5.146,0.7589,8.818e-07,3.237e-06,"BEAN","SC1B"
"32",3121,0.009609,0.1329,5677000,29640000,0.2308,12.29,6.995e-08,-4140000,-3450000,-0.0103,-0.02034,5.137,0.7592,8.596e-07,3.205e-06,"BEAN","SC1B"
"33",3255,0.009711,0.1303,5677000,29450000,0.2308,12.38,6.598e-08,-4140000,-3450000,-0.01051,-0.02073,5.12,0.7598,8.166e-07,3.141e-06,"BEAN","SC1B"
"34",3324,0.009762,0.129,5677000,29350000,0.2308,12.42,6.408e-08,-4140000,-3450000,-0.01062,-0.02092,5.111,0.7601,7.957e-07,3.109e-06,"BEAN","SC1B"
"35",3468,0.009863,0.1264,5676000,29150000,0.2308,12.5,6.041e-08,-4140000,-3450000,-0.01084,-0.02131,5.093,0.7607,7.552e-07,3.046e-06,"BEAN","SC1B"
"36",3543,0.009914,0.1251,5676000,29050000,0.2308,12.54,5.866e-08,-4140000,-3450000,-0.01095,-0.02151,5.084,0.761,7.356e-07,3.014e-06,"BEAN","SC1B"
"37",3619,0.009964,0.1237,5676000,28950000,0.2308,12.58,5.694e-08,-4140000,-3450000,-0.01106,-0.02171,5.075,0.7614,7.164e-07,2.982e-06,"BEAN","SC1B"
"38",3777,0.01006,0.1211,5676000,28740000,0.2308,12.66,5.366e-08,-4140000,-3450000,-0.01128,-0.02212,5.057,0.762,6.791e-07,2.918e-06,"BEAN","SC1B"
"39",3859,0.01011,0.1198,5676000,28640000,0.2308,12.69,5.208e-08,-4140000,-3450000,-0.0114,-0.02233,5.047,0.7623,6.611e-07,2.886e-06,"BEAN","SC1B"
"40",3942,0.01016,0.1185,5676000,28530000,0.2308,12.73,5.054e-08,-4140000,-3450000,-0.01151,-0.02254,5.038,0.7627,6.434e-07,2.855e-06,"BEAN","SC1B"
"41",4028,0.01021,0.1172,5676000,28430000,0.2308,12.76,4.905e-08,-4140000,-3450000,-0.01163,-0.02275,5.028,0.763,6.26e-07,2.823e-06,"BEAN","SC1B"
"42",4116,0.01026,0.1159,5676000,28320000,0.2308,12.8,4.759e-08,-4140000,-3450000,-0.01175,-0.02296,5.019,0.7634,6.091e-07,2.791e-06,"BEAN","SC1B"
"43",4206,0.01031,0.1146,5676000,28210000,0.2308,12.83,4.618e-08,-4140000,-3450000,-0.01187,-0.02317,5.009,0.7637,5.924e-07,2.759e-06,"BEAN","SC1B"
"44",4393,0.01041,0.1119,5676000,27990000,0.2308,12.89,4.347e-08,-4140000,-3450000,-0.01211,-0.02361,4.99,0.7644,5.602e-07,2.696e-06,"BEAN","SC1B"
"45",4490,0.01046,0.1106,5676000,27890000,0.2308,12.92,4.216e-08,-4140000,-3450000,-0.01224,-0.02383,4.98,0.7648,5.446e-07,2.665e-06,"BEAN","SC1B"
"46",4589,0.01051,0.1093,5676000,27780000,0.2308,12.94,4.09e-08,-4140000,-3450000,-0.01236,-0.02405,4.97,0.7651,5.293e-07,2.633e-06,"BEAN","SC1B"
"47",4691,0.01055,0.108,5676000,27660000,0.2308,12.97,3.967e-08,-4140000,-3450000,-0.01248,-0.02428,4.96,0.7655,5.143e-07,2.602e-06,"BEAN","SC1B"
"48",4795,0.0106,0.1067,5676000,27550000,0.2308,12.99,3.847e-08,-4140000,-3450000,-0.01261,-0.02451,4.949,0.7659,4.996e-07,2.57e-06,"BEAN","SC1B"
"49",4902,0.01065,0.1054,5675000,27440000,0.2308,13.01,3.73e-08,-4140000,-3450000,-0.01274,-0.02474,4.939,0.7662,4.853e-07,2.539e-06,"BEAN","SC1B"
"50",5011,0.0107,0.1041,5675000,27330000,0.2308,13.03,3.617e-08,-4140000,-3450000,-0.01287,-0.02497,4.929,0.7666,4.712e-07,2.508e-06,"BEAN","SC1B"
"51",5123,0.01075,0.1028,5675000,27210000,0.2308,13.04,3.507e-08,-4140000,-3450000,-0.013,-0.0252,4.918,0.767,4.574e-07,2.477e-06,"BEAN","SC1B"
"52",5239,0.01079,0.1015,5675000,27100000,0.2308,13.06,3.4e-08,-4140000,-3450000,-0.01313,-0.02544,4.908,0.7674,4.439e-07,2.446e-06,"BEAN","SC1B"
"53",5357,0.01084,0.1002,5675000,26980000,0.2308,13.07,3.296e-08,-4140000,-3450000,-0.01326,-0.02568,4.897,0.7678,4.307e-07,2.415e-06,"BEAN","SC1B"
"54",5478,0.01089,0.09894,5675000,26870000,0.2308,13.08,3.195e-08,-4140000,-3450000,-0.0134,-0.02592,4.886,0.7681,4.177e-07,2.384e-06,"BEAN","SC1B"
"55",5602,0.01093,0.09765,5675000,26750000,0.2308,13.08,3.096e-08,-4140000,-3450000,-0.01353,-0.02616,4.875,0.7685,4.05e-07,2.353e-06,"BEAN","SC1B"
"56",5729,0.01098,0.09636,5675000,26630000,0.2308,13.08,3e-08,-4140000,-3450000,-0.01367,-0.0264,4.865,0.7689,3.926e-07,2.322e-06,"BEAN","SC1B"
"57",5860,0.01103,0.09508,5675000,26510000,0.2308,13.08,2.907e-08,-4140000,-3450000,-0.01381,-0.02665,4.854,0.7693,3.804e-07,2.292e-06,"BEAN","SC1B"
"58",5994,0.01107,0.0938,5675000,26390000,0.2308,13.08,2.817e-08,-4140000,-3450000,-0.01395,-0.0269,4.842,0.7698,3.685e-07,2.261e-06,"BEAN","SC1B"
"59",6131,0.01112,0.09253,5675000,26270000,0.2308,13.08,2.729e-08,-4140000,-3450000,-0.01409,-0.02715,4.831,0.7702,3.568e-07,2.231e-06,"BEAN","SC1B"
"60",6272,0.01116,0.09125,5675000,26150000,0.2308,13.07,2.643e-08,-4140000,-3450000,-0.01423,-0.02741,4.82,0.7706,3.454e-07,2.2e-06,"BEAN","SC1B"
"61",6417,0.01121,0.08998,5675000,26030000,0.2308,13.05,2.56e-08,-4140000,-3450000,-0.01438,-0.02766,4.808,0.771,3.342e-07,2.17e-06,"BEAN","SC1B"
"62",6566,0.01125,0.08872,5675000,25910000,0.2308,13.04,2.479e-08,-4140000,-3450000,-0.01452,-0.02792,4.797,0.7714,3.233e-07,2.14e-06,"BEAN","SC1B"
"63",6719,0.01129,0.08746,5675000,25780000,0.2308,13.02,2.401e-08,-4140000,-3450000,-0.01467,-0.02819,4.785,0.7719,3.125e-07,2.11e-06,"BEAN","SC1B"
"64",6875,0.01134,0.0862,5674000,25660000,0.2308,12.99,2.324e-08,-4140000,-3450000,-0.01482,-0.02845,4.774,0.7723,3.02e-07,2.08e-06,"BEAN","SC1B"
"65",7036,0.01138,0.08495,5674000,25540000,0.2308,12.97,2.25e-08,-4140000,-3450000,-0.01497,-0.02872,4.762,0.7727,2.917e-07,2.05e-06,"BEAN","SC1B"
"66",7202,0.01142,0.0837,5674000,25410000,0.2308,12.93,2.178e-08,-4140000,-3450000,-0.01512,-0.02899,4.75,0.7732,2.817e-07,2.02e-06,"BEAN","SC1B"
"67",7372,0.01147,0.08246,5674000,25280000,0.2308,12.9,2.107e-08,-4140000,-3450000,-0.01527,-0.02926,4.738,0.7736,2.718e-07,1.991e-06,"BEAN","SC1B"
"68",7546,0.01151,0.08122,5674000,25160000,0.2308,12.86,2.039e-08,-4140000,-3450000,-0.01543,-0.02953,4.726,0.7741,2.621e-07,1.962e-06,"BEAN","SC1B"
"69",7725,0.01155,0.07999,5674000,25030000,0.2308,12.81,1.972e-08,-4140000,-3450000,-0.01559,-0.02981,4.713,0.7745,2.527e-07,1.932e-06,"BEAN","SC1B"
"70",7910,0.01159,0.07876,5674000,24900000,0.2308,12.76,1.908e-08,-4140000,-3450000,-0.01574,-0.03009,4.701,0.775,2.435e-07,1.903e-06,"BEAN","SC1B"
"71",8099,0.01163,0.07754,5674000,24770000,0.2308,12.71,1.845e-08,-4140000,-3450000,-0.0159,-0.03037,4.689,0.7754,2.344e-07,1.874e-06,"BEAN","SC1B"
"72",8294,0.01167,0.07632,5674000,24640000,0.2308,12.65,1.784e-08,-4140000,-3450000,-0.01606,-0.03065,4.676,0.7759,2.256e-07,1.845e-06,"BEAN","SC1B"
"73",8494,0.01171,0.07511,5674000,24510000,0.2308,12.58,1.724e-08,-4140000,-3450000,-0.01623,-0.03094,4.663,0.7764,2.169e-07,1.817e-06,"BEAN","SC1B"
"74",8700,0.01175,0.07391,5674000,24380000,0.2308,12.51,1.666e-08,-4140000,-3450000,-0.01639,-0.03123,4.651,0.7769,2.085e-07,1.788e-06,"BEAN","SC1B"
"75",8912,0.01179,0.07271,5674000,24240000,0.2308,12.43,1.61e-08,-4140000,-3450000,-0.01656,-0.03152,4.638,0.7774,2.002e-07,1.76e-06,"BEAN","SC1B"
"76",9129,0.01183,0.07151,5673000,24110000,0.2308,12.35,1.555e-08,-4140000,-3450000,-0.01672,-0.03182,4.625,0.7778,1.921e-07,1.732e-06,"BEAN","SC1B"
"77",9353,0.01187,0.07033,5673000,23980000,0.2308,12.27,1.502e-08,-4140000,-3450000,-0.01689,-0.03212,4.612,0.7783,1.842e-07,1.704e-06,"BEAN","SC1B"
"78",9584,0.01191,0.06915,5673000,23840000,0.2308,12.17,1.45e-08,-4140000,-3450000,-0.01706,-0.03242,4.598,0.7788,1.765e-07,1.676e-06,"BEAN","SC1B"
"79",9821,0.01194,0.06797,5673000,23710000,0.2308,12.07,1.399e-08,-4140000,-3450000,-0.01723,-0.03272,4.585,0.7793,1.69e-07,1.648e-06,"BEAN","SC1B"
"80",10070,0.01198,0.06681,5673000,23570000,0.2308,11.97,1.35e-08,-4140000,-3450000,-0.01741,-0.03303,4.572,0.7799,1.616e-07,1.621e-06,"BEAN","SC1B"
"81",10320,0.01201,0.06565,5673000,23430000,0.2308,11.86,1.302e-08,-4140000,-3450000,-0.01758,-0.03334,4.558,0.7804,1.545e-07,1.594e-06,"BEAN","SC1B"
"82",10580,0.01205,0.0645,5673000,23290000,0.2308,11.74,1.256e-08,-4140000,-3450000,-0.01776,-0.03365,4.545,0.7809,1.475e-07,1.566e-06,"BEAN","SC1B"
"83",10840,0.01208,0.06335,5673000,23160000,0.2308,11.62,1.21e-08,-4140000,-3450000,-0.01794,-0.03397,4.531,0.7814,1.406e-07,1.54e-06,"BEAN","SC1B"
"84",11120,0.01212,0.06221,5673000,23020000,0.2308,11.49,1.166e-08,-4140000,-3450000,-0.01812,-0.03428,4.517,0.782,1.34e-07,1.513e-06,"BEAN","SC1B"
"85",11400,0.01215,0.06108,5673000,22880000,0.2308,11.35,1.123e-08,-4140000,-3450000,-0.01831,-0.0346,4.503,0.7825,1.275e-07,1.486e-06,"BEAN","SC1B"
"86",11690,0.01218,0.05996,5673000,22740000,0.2308,11.21,1.081e-08,-4140000,-3450000,-0.01849,-0.03493,4.489,0.783,1.212e-07,1.46e-06,"BEAN","SC1B"
"87",11990,0.01221,0.05885,5673000,22590000,0.2308,11.06,1.04e-08,-4140000,-3450000,-0.01868,-0.03526,4.474,0.7836,1.151e-07,1.434e-06,"BEAN","SC1B"
"88",12300,0.01224,0.05774,5672000,22450000,0.2308,10.91,1e-08,-4140000,-3450000,-0.01887,-0.03559,4.46,0.7841,1.091e-07,1.408e-06,"BEAN","SC1B"
"89",12620,0.01227,0.05665,5672000,22310000,0.2308,10.75,9.615e-09,-4140000,-3450000,-0.01906,-0.03592,4.446,0.7847,1.034e-07,1.382e-06,"BEAN","SC1B"
"90",12950,0.0123,0.05556,5672000,22170000,0.2308,10.58,9.235e-09,-4140000,-3450000,-0.01925,-0.03625,4.431,0.7853,9.773e-08,1.357e-06,"BEAN","SC1B"
"91",13290,0.01233,0.05448,5672000,22020000,0.2308,10.41,8.864e-09,-4140000,-3450000,-0.01944,-0.03659,4.416,0.7858,9.227e-08,1.331e-06,"BEAN","SC1B"
"92",13640,0.01236,0.05341,5672000,21880000,0.2308,10.23,8.503e-09,-4140000,-3450000,-0.01964,-0.03694,4.401,0.7864,8.698e-08,1.306e-06,"BEAN","SC1B"
"93",14000,0.01239,0.05235,5672000,21730000,0.2308,10.04,8.149e-09,-4140000,-3450000,-0.01984,-0.03728,4.387,0.787,8.185e-08,1.281e-06,"BEAN","SC1B"
"94",14380,0.01241,0.05129,5672000,21580000,0.2308,9.854,7.803e-09,-4140000,-3450000,-0.02004,-0.03763,4.371,0.7876,7.689e-08,1.257e-06,"BEAN","SC1B"
"95",14760,0.01244,0.05025,5672000,21440000,0.2308,9.657,7.465e-09,-4140000,-3450000,-0.02024,-0.03798,4.356,0.7882,7.209e-08,1.232e-06,"BEAN","SC1B"
"96",15160,0.01246,0.04922,5672000,21290000,0.2308,9.455,7.134e-09,-4140000,-3450000,-0.02044,-0.03834,4.341,0.7888,6.745e-08,1.208e-06,"BEAN","SC1B"
"97",15570,0.01248,0.04819,5672000,21140000,0.2308,9.247,6.81e-09,-4140000,-3450000,-0.02065,-0.03869,4.325,0.7894,6.297e-08,1.184e-06,"BEAN","SC1B"
"98",15990,0.01251,0.04718,5671000,20990000,0.2308,9.035,6.492e-09,-4140000,-3450000,-0.02086,-0.03906,4.31,0.79,5.865e-08,1.16e-06,"BEAN","SC1B"
"99",16430,0.01253,0.04617,5671000,20840000,0.2308,8.817,6.18e-09,-4140000,-3450000,-0.02107,-0.03942,4.294,0.7906,5.449e-08,1.137e-06,"BEAN","SC1B"
"100",16890,0.01255,0.04518,5671000,20690000,0.2308,8.596,5.874e-09,-4140000,-3450000,-0.02128,-0.03979,4.278,0.7912,5.049e-08,1.113e-06,"BEAN","SC1B"
"101",17350,0.01257,0.04419,5671000,20540000,0.2308,8.369,5.593e-09,-4140000,-3450000,-0.02149,-0.04016,4.262,0.7919,4.681e-08,1.09e-06,"BEAN","SC1B"
"102",17840,0.01259,0.04321,5671000,20380000,0.2308,8.139,5.389e-09,-4140000,-3450000,-0.02171,-0.04054,4.246,0.7925,4.386e-08,1.067e-06,"BEAN","SC1B"
"103",18340,0.0126,0.04225,5671000,20230000,0.2308,7.905,5.189e-09,-4140000,-3450000,-0.02193,-0.04091,4.23,0.7932,4.102e-08,1.045e-06,"BEAN","SC1B"
"104",18850,0.01262,0.04129,5671000,20080000,0.2308,7.667,4.995e-09,-4140000,-3450000,-0.02215,-0.0413,4.214,0.7938,3.83e-08,1.023e-06,"BEAN","SC1B"
"105",19390,0.01264,0.04035,5671000,19920000,0.2308,7.426,4.806e-09,-4140000,-3450000,-0.02237,-0.04168,4.197,0.7945,3.569e-08,1.001e-06,"BEAN","SC1B"
"106",19940,0.01265,0.03942,5671000,19770000,0.2308,7.183,4.622e-09,-4140000,-3450000,-0.0226,-0.04207,4.18,0.7952,3.32e-08,9.787e-07,"BEAN","SC1B"
"107",20510,0.01267,0.03849,5671000,19610000,0.2308,6.938,4.443e-09,-4140000,-3450000,-0.02282,-0.04246,4.164,0.7958,3.082e-08,9.571e-07,"BEAN","SC1B"
"108",21100,0.01268,0.03758,5670000,19460000,0.2308,6.691,4.269e-09,-4140000,-3450000,-0.02305,-0.04286,4.147,0.7965,2.856e-08,9.358e-07,"BEAN","SC1B"
"109",21710,0.0127,0.03668,5670000,19300000,0.2308,6.443,4.1e-09,-4140000,-3450000,-0.02329,-0.04326,4.13,0.7972,2.641e-08,9.147e-07,"BEAN","SC1B"
"110",22340,0.01271,0.03579,5670000,19140000,0.2308,6.194,3.935e-09,-4140000,-3450000,-0.02352,-0.04366,4.113,0.7979,2.438e-08,8.939e-07,"BEAN","SC1B"
"111",22990,0.01272,0.03491,5670000,18980000,0.2308,5.946,3.775e-09,-4140000,-3450000,-0.02376,-0.04407,4.095,0.7986,2.245e-08,8.733e-07,"BEAN","SC1B"
"112",23670,0.01273,0.03404,5670000,18830000,0.2308,5.698,3.62e-09,-4140000,-3450000,-0.024,-0.04448,4.078,0.7993,2.063e-08,8.53e-07,"BEAN","SC1B"
"113",24370,0.01274,0.03318,5670000,18670000,0.2308,5.452,3.47e-09,-4140000,-3450000,-0.02424,-0.0449,4.06,0.8,1.892e-08,8.33e-07,"BEAN","SC1B"
"114",25090,0.01275,0.03234,5670000,18510000,0.2308,5.207,3.323e-09,-4140000,-3450000,-0.02448,-0.04531,4.043,0.8007,1.731e-08,8.132e-07,"BEAN","SC1B"
"115",25840,0.01276,0.03151,5670000,18350000,0.2308,4.965,3.182e-09,-4140000,-3450000,-0.02473,-0.04574,4.025,0.8015,1.58e-08,7.937e-07,"BEAN","SC1B"
"116",26620,0.01277,0.03068,5670000,18190000,0.2308,4.726,3.045e-09,-4140000,-3450000,-0.02498,-0.04616,4.007,0.8022,1.439e-08,7.744e-07,"BEAN","SC1B"
"117",27430,0.01278,0.02987,5669000,18020000,0.2308,4.491,2.912e-09,-4140000,-3450000,-0.02523,-0.04659,3.988,0.803,1.308e-08,7.554e-07,"BEAN","SC1B"
"118",28260,0.01279,0.02908,5669000,17860000,0.2308,4.26,2.783e-09,-4140000,-3450000,-0.02548,-0.04702,3.97,0.8037,1.186e-08,7.367e-07,"BEAN","SC1B"
"119",29130,0.01279,0.02829,5669000,17700000,0.2308,4.033,2.659e-09,-4140000,-3450000,-0.02574,-0.04746,3.952,0.8045,1.072e-08,7.183e-07,"BEAN","SC1B"
"120",30030,0.0128,0.02751,5669000,17540000,0.2308,3.812,2.539e-09,-4140000,-3450000,-0.026,-0.0479,3.933,0.8053,9.677e-09,7.001e-07,"BEAN","SC1B"
"121",30960,0.01281,0.02675,5669000,17370000,0.2308,3.597,2.422e-09,-4140000,-3450000,-0.02626,-0.04835,3.914,0.806,8.713e-09,6.822e-07,"BEAN","SC1B"
"122",31930,0.01281,0.026,5669000,17210000,0.2308,3.388,2.31e-09,-4140000,-3450000,-0.02652,-0.0488,3.896,0.8068,7.827e-09,6.645e-07,"BEAN","SC1B"
"123",32930,0.01282,0.02526,5669000,17040000,0.2308,3.186,2.202e-09,-4140000,-3450000,-0.02679,-0.04925,3.877,0.8076,7.015e-09,6.472e-07,"BEAN","SC1B"
"124",33970,0.01282,0.02453,5669000,16880000,0.2308,2.992,2.097e-09,-4140000,-3450000,-0.02706,-0.04971,3.857,0.8084,6.274e-09,6.301e-07,"BEAN","SC1B"
"125",35050,0.01282,0.02382,5668000,16710000,0.2308,2.805,1.996e-09,-4140000,-3450000,-0.02733,-0.05017,3.838,0.8092,5.599e-09,6.133e-07,"BEAN","SC1B"
"126",36170,0.01283,0.02312,5668000,16550000,0.2308,2.626,1.899e-09,-4140000,-3450000,-0.0276,-0.05064,3.819,0.8101,4.987e-09,5.967e-07,"BEAN","SC1B"
"127",37330,0.01283,0.02243,5668000,16380000,0.2308,2.456,1.805e-09,-4140000,-3450000,-0.02788,-0.05111,3.799,0.8109,4.433e-09,5.804e-07,"BEAN","SC1B"
"128",38540,0.01283,0.02175,5668000,16210000,0.2308,2.294,1.715e-09,-4140000,-3450000,-0.02816,-0.05158,3.779,0.8117,3.935e-09,5.644e-07,"BEAN","SC1B"
"129",39800,0.01284,0.02108,5668000,16050000,0.2308,2.141,1.628e-09,-4140000,-3450000,-0.02844,-0.05206,3.759,0.8126,3.487e-09,5.487e-07,"BEAN","SC1B"
"130",41100,0.01284,0.02043,5668000,15880000,0.2308,1.997,1.545e-09,-4140000,-3450000,-0.02873,-0.05254,3.739,0.8134,3.086e-09,5.332e-07,"BEAN","SC1B"
"131",42460,0.01284,0.01979,5668000,15710000,0.2308,1.863,1.465e-09,-4140000,-3450000,-0.02902,-0.05303,3.719,0.8143,2.729e-09,5.18e-07,"BEAN","SC1B"
"132",43870,0.01284,0.01916,5667000,15540000,0.2308,1.738,1.388e-09,-4140000,-3450000,-0.02931,-0.05352,3.699,0.8152,2.412e-09,5.031e-07,"BEAN","SC1B"
"133",45340,0.01284,0.01854,5667000,15370000,0.2308,1.622,1.314e-09,-4140000,-3450000,-0.0296,-0.05401,3.678,0.8161,2.131e-09,4.884e-07,"BEAN","SC1B"
"134",46870,0.01284,0.01793,5667000,15200000,0.2308,1.515,1.244e-09,-4140000,-3450000,-0.0299,-0.05451,3.658,0.817,1.884e-09,4.74e-07,"BEAN","SC1B"
"135",48460,0.01284,0.01734,5667000,15030000,0.2308,1.418,1.176e-09,-4140000,-3450000,-0.0302,-0.05502,3.637,0.8179,1.667e-09,4.599e-07,"BEAN","SC1B"
"136",50110,0.01284,0.01676,5667000,14870000,0.2308,1.331,1.111e-09,-4140000,-3450000,-0.0305,-0.05553,3.616,0.8188,1.478e-09,4.46e-07,"BEAN","SC1B"
"137",51840,0.01285,0.01619,5667000,14700000,0.2308,1.252,1.049e-09,-4140000,-3450000,-0.03081,-0.05604,3.595,0.8197,1.313e-09,4.325e-07,"BEAN","SC1B"
"138",53630,0.01285,0.01563,5667000,14520000,0.2308,1.184,9.893e-10,-4140000,-3450000,-0.03112,-0.05656,3.573,0.8206,1.171e-09,4.191e-07,"BEAN","SC1B"
"139",55500,0.01285,0.01509,5667000,14350000,0.2308,1.126,9.325e-10,-4140000,-3450000,-0.03143,-0.05708,3.552,0.8216,1.05e-09,4.061e-07,"BEAN","SC1B"
"140",57450,0.01285,0.01456,5666000,14180000,0.2308,1.077,8.783e-10,-4140000,-3450000,-0.03175,-0.05761,3.53,0.8225,9.462e-10,3.933e-07,"BEAN","SC1B"
"141",59480,0.01285,0.01404,5666000,14010000,0.2308,1.04,8.266e-10,-4140000,-3450000,-0.03207,-0.05814,3.508,0.8235,8.595e-10,3.808e-07,"BEAN","SC1B"
"142",61600,0.01285,0.01353,5666000,13840000,0.2308,1.014,7.773e-10,-4140000,-3450000,-0.03239,-0.05867,3.487,0.8244,7.882e-10,3.685e-07,"BEAN","SC1B"
"143",63820,0.01285,0.01303,5666000,13670000,0.2308,1.001,7.303e-10,-4140000,-3450000,-0.03271,-0.05921,3.464,0.8254,7.311e-10,3.565e-07,"BEAN","SC1B"
"144",66130,0.01285,0.01255,5666000,13500000,0.2308,0.9997,6.856e-10,-4140000,-3450000,-0.03304,-0.05976,3.442,0.8264,6.853e-10,3.448e-07,"BEAN","SC1B"
"145",68540,0.01285,0.01207,5666000,13330000,0.2308,0.9976,6.43e-10,-4140000,-3450000,-0.03337,-0.06031,3.42,0.8274,6.415e-10,3.333e-07,"BEAN","SC1B"
"146",71050,0.01285,0.01161,5666000,13150000,0.2308,0.9935,6.026e-10,-4140000,-3450000,-0.0337,-0.06086,3.397,0.8284,5.987e-10,3.221e-07,"BEAN","SC1B"
"147",73680,0.01285,0.01116,5665000,12980000,0.2308,0.9869,5.642e-10,-4140000,-3450000,-0.03404,-0.06142,3.375,0.8295,5.568e-10,3.111e-07,"BEAN","SC1B"
"148",76430,0.01285,0.01073,5665000,12810000,0.2308,0.9776,5.278e-10,-4140000,-3450000,-0.03438,-0.06199,3.352,0.8305,5.159e-10,3.004e-07,"BEAN","SC1B"
"149",79310,0.01285,0.0103,5665000,12640000,0.2308,0.9651,4.932e-10,-4140000,-3450000,-0.03473,-0.06256,3.329,0.8315,4.76e-10,2.9e-07,"BEAN","SC1B"
"150",82320,0.01285,0.009883,5665000,12470000,0.2308,0.9492,4.605e-10,-4140000,-3450000,-0.03507,-0.06313,3.305,0.8326,4.371e-10,2.797e-07,"BEAN","SC1B"
"151",85470,0.01285,0.009479,5665000,12290000,0.2308,0.9294,4.296e-10,-4140000,-3450000,-0.03543,-0.06371,3.282,0.8337,3.993e-10,2.698e-07,"BEAN","SC1B"
"152",88760,0.01285,0.009086,5665000,12120000,0.2308,0.9055,4.003e-10,-4140000,-3450000,-0.03578,-0.06429,3.258,0.8347,3.625e-10,2.6e-07,"BEAN","SC1B"
"153",92220,0.01285,0.008704,5664000,11950000,0.2308,0.877,3.727e-10,-4140000,-3450000,-0.03614,-0.06488,3.235,0.8358,3.268e-10,2.506e-07,"BEAN","SC1B"
"154",95840,0.01285,0.008334,5664000,11780000,0.2308,0.8437,3.466e-10,-4140000,-3450000,-0.0365,-0.06548,3.211,0.8369,2.924e-10,2.413e-07,"BEAN","SC1B"
"155",99630,0.01285,0.007973,5664000,11600000,0.2308,0.8053,3.22e-10,-4140000,-3450000,-0.03686,-0.06608,3.187,0.838,2.593e-10,2.323e-07,"BEAN","SC1B"
"156",103600,0.01284,0.007624,5664000,11430000,0.2308,0.7619,2.988e-10,-4140000,-3450000,-0.03723,-0.06668,3.163,0.8392,2.276e-10,2.235e-07,"BEAN","SC1B"
"157",107800,0.01284,0.007285,5664000,11260000,0.2308,0.7134,2.77e-10,-4140000,-3450000,-0.0376,-0.06729,3.138,0.8403,1.976e-10,2.15e-07,"BEAN","SC1B"
"158",112200,0.01284,0.006957,5664000,11090000,0.2308,0.6601,2.565e-10,-4140000,-3450000,-0.03798,-0.0679,3.114,0.8415,1.693e-10,2.067e-07,"BEAN","SC1B"
"159",116800,0.01284,0.006639,5663000,10920000,0.2308,0.6025,2.372e-10,-4140000,-3450000,-0.03836,-0.06852,3.089,0.8426,1.429e-10,1.986e-07,"BEAN","SC1B"
"160",121600,0.01284,0.006331,5663000,10750000,0.2308,0.5414,2.192e-10,-4140000,-3450000,-0.03874,-0.06915,3.064,0.8438,1.187e-10,1.908e-07,"BEAN","SC1B"
"161",126700,0.01284,0.006034,5663000,10580000,0.2308,0.4778,2.023e-10,-4140000,-3450000,-0.03913,-0.06978,3.039,0.845,9.667e-11,1.831e-07,"BEAN","SC1B"
"162",132000,0.01284,0.005747,5663000,10400000,0.2308,0.4131,1.865e-10,-4140000,-3450000,-0.03952,-0.07041,3.014,0.8462,7.706e-11,1.757e-07,"BEAN","SC1B"
"163",137600,0.01284,0.00547,5663000,10230000,0.2308,0.3488,1.718e-10,-4140000,-3450000,-0.03991,-0.07105,2.989,0.8474,5.992e-11,1.686e-07,"BEAN","SC1B"
"164",143500,0.01284,0.005203,5663000,10070000,0.2308,0.2866,1.58e-10,-4140000,-3450000,-0.0403,-0.07169,2.963,0.8486,4.53e-11,1.616e-07,"BEAN","SC1B"
"165",149600,0.01284,0.004947,5662000,9897000,0.2308,0.2283,1.453e-10,-4140000,-3450000,-0.0407,-0.07233,2.938,0.8498,3.317e-11,1.549e-07,"BEAN","SC1B"
"166",156100,0.01284,0.004699,5662000,9730000,0.2308,0.1755,1.334e-10,-4140000,-3450000,-0.0411,-0.07298,2.912,0.851,2.341e-11,1.484e-07,"BEAN","SC1B"
"167",162900,0.01284,0.004462,5662000,9563000,0.2308,0.1295,1.223e-10,-4140000,-3450000,-0.0415,-0.07363,2.887,0.8523,1.584e-11,1.421e-07,"BEAN","SC1B"
"168",170100,0.01284,0.004234,5662000,9397000,0.2308,0.09118,1.121e-10,-4140000,-3450000,-0.04191,-0.07428,2.861,0.8535,1.022e-11,1.361e-07,"BEAN","SC1B"
"169",177500,0.01284,0.004015,5662000,9233000,0.2308,0.06084,1.026e-10,-4140000,-3450000,-0.04232,-0.07494,2.835,0.8548,6.242e-12,1.302e-07,"BEAN","SC1B"
"170",185400,0.01284,0.003806,5662000,9069000,0.2308,0.03817,9.383e-11,-4140000,-3450000,-0.04272,-0.0756,2.81,0.856,3.581e-12,1.246e-07,"BEAN","SC1B"
"171",193700,0.01284,0.003605,5661000,8907000,0.2308,0.02231,8.572e-11,-4140000,-3450000,-0.04314,-0.07626,2.784,0.8573,1.912e-12,1.191e-07,"BEAN","SC1B"
"172",202400,0.01284,0.003413,5661000,8746000,0.2308,0.01203,7.824e-11,-4140000,-3450000,-0.04355,-0.07692,2.758,0.8586,9.409e-13,1.139e-07,"BEAN","SC1B"
"173",211500,0.01283,0.003229,5661000,8586000,0.2308,0.005906,7.135e-11,-4140000,-3450000,-0.04396,-0.07759,2.732,0.8599,4.214e-13,1.088e-07,"BEAN","SC1B"
"174",221000,0.01283,0.003054,5661000,8427000,0.2308,0.002607,6.5e-11,-4140000,-3450000,-0.04438,-0.07825,2.706,0.8612,1.695e-13,1.04e-07,"BEAN","SC1B"
"175",231100,0.01283,0.002886,5661000,8270000,0.2308,0.001018,5.917e-11,-4140000,-3450000,-0.0448,-0.07892,2.68,0.8625,6.023e-14,9.928e-08,"BEAN","SC1B"
"176",241600,0.01283,0.002726,5661000,8115000,0.2308,0.0003454,5.38e-11,-4140000,-3450000,-0.04522,-0.07959,2.654,0.8638,1.858e-14,9.479e-08,"BEAN","SC1B"
"177",252700,0.01283,0.002574,5660000,7961000,0.2308,9.97e-05,4.888e-11,-4140000,-3450000,-0.04564,-0.08026,2.628,0.8651,4.874e-15,9.047e-08,"BEAN","SC1B"
"178",264300,0.01283,0.002429,5660000,7808000,0.2308,2.39e-05,4.438e-11,-4140000,-3450000,-0.04606,-0.08093,2.602,0.8664,1.061e-15,8.633e-08,"BEAN","SC1B"
"179",276500,0.01283,0.002291,5660000,7657000,0.2308,4.631e-06,4.025e-11,-4140000,-3450000,-0.04648,-0.0816,2.576,0.8677,1.864e-16,8.235e-08,"BEAN","SC1B"
"180",289400,0.01283,0.002159,5660000,7508000,0.2308,7.02e-07,3.647e-11,-4140000,-3450000,-0.0469,-0.08227,2.55,0.869,2.56e-17,7.854e-08,"BEAN","SC1B"
"181",302800,0.01283,0.002034,5660000,7360000,0.2308,8.026e-08,3.302e-11,-4140000,-3450000,-0.04733,-0.08295,2.524,0.8703,2.65e-18,7.488e-08,"BEAN","SC1B"
"182",317000,0.01283,0.001915,5660000,7214000,0.2308,6.634e-09,2.987e-11,-4140000,-3450000,-0.04775,-0.08362,2.498,0.8716,1.982e-19,7.137e-08,"BEAN","SC1B"
"183",331800,0.01283,0.001803,5659000,7070000,0.2308,3.775e-10,2.7e-11,-4140000,-3450000,-0.04818,-0.08429,2.473,0.873,1.019e-20,6.801e-08,"BEAN","SC1B"
"184",347400,0.01283,0.001696,5659000,6927000,0.2308,1.397e-11,2.439e-11,-4140000,-3450000,-0.0486,-0.08496,2.447,0.8743,3.407e-22,6.48e-08,"BEAN","SC1B"
"185",363800,0.01283,0.001595,5659000,6786000,0.2308,3.149e-13,2.201e-11,-4140000,-3450000,-0.04903,-0.08563,2.421,0.8756,6.931e-24,6.172e-08,"BEAN","SC1B"
"186",380900,0.01283,0.001499,5659000,6647000,0.2308,4.011e-15,1.984e-11,-4140000,-3450000,-0.04945,-0.0863,2.395,0.877,7.958e-26,5.877e-08,"BEAN","SC1B"
"187",399000,0.01283,0.001408,5659000,6510000,0.2308,2.643e-17,1.788e-11,-4140000,-3450000,-0.04988,-0.08697,2.37,0.8783,4.725e-28,5.595e-08,"BEAN","SC1B"
"188",417900,0.01283,0.001322,5658000,6375000,0.2308,8.145e-20,1.609e-11,-4140000,-3450000,-0.0503,-0.08764,2.344,0.8796,1.311e-30,5.326e-08,"BEAN","SC1B"
"189",437800,0.01283,0.00124,5658000,6241000,0.2308,1.044e-22,1.448e-11,-4140000,-3450000,-0.05073,-0.08831,2.319,0.881,1.511e-33,5.069e-08,"BEAN","SC1B"
"190",458700,0.01283,0.001163,5658000,6109000,0.2308,4.855e-26,1.301e-11,-4140000,-3450000,-0.05115,-0.08898,2.293,0.8823,6.318e-37,4.823e-08,"BEAN","SC1B"
"191",480600,0.01283,0.001091,5658000,5980000,0.2308,7e-30,1.169e-11,-4140000,-3450000,-0.05158,-0.08964,2.268,0.8837,8.181e-41,4.587e-08,"BEAN","SC1B"
"192",503700,0.01283,0.001022,5658000,5852000,0.2308,2.605e-34,1.049e-11,-4140000,-3450000,-0.05201,-0.09031,2.243,0.885,2.803e-45,4.363e-08,"BEAN","SC1B"
"193",527800,0.01283,0.0009576,5658000,5726000,0.2308,2.024e-39,9.405e-12,-4140000,-3450000,-0.05243,-0.09097,2.218,0.8863,0,4.149e-08,"BEAN","SC1B"
"194",553200,0.01283,0.0008966,5657000,5601000,0.2308,2.803e-45,8.428e-12,-4140000,-3450000,-0.05285,-0.09163,2.193,0.8877,0,3.944e-08,"BEAN","SC1B"
"195",579900,0.01283,0.0008391,5657000,5479000,0.2308,0,7.547e-12,-4140000,-3450000,-0.05328,-0.09229,2.168,0.889,0,3.749e-08,"BEAN","SC1B"
"196",607900,0.01283,0.000785,5657000,5358000,0.2308,0,6.752e-12,-4140000,-3450000,-0.0537,-0.09295,2.143,0.8904,0,3.563e-08,"BEAN","SC1B"
"197",637200,0.01283,0.000734,5657000,5240000,0.2308,0,6.037e-12,-4140000,-3450000,-0.05412,-0.0936,2.118,0.8917,0,3.386e-08,"BEAN","SC1B"
"198",668100,0.01283,0.000686,5657000,5123000,0.2308,0,5.394e-12,-4140000,-3450000,-0.05454,-0.09426,2.093,0.893,0,3.217e-08,"BEAN","SC1B"
"199",700500,0.01283,0.0006409,5657000,5008000,0.2308,0,4.816e-12,-4140000,-3450000,-0.05497,-0.09491,2.069,0.8944,0,3.056e-08,"BEAN","SC1B"
"200",734500,0.01283,0.0005985,5656000,4895000,0.2308,0,4.296e-12,-4140000,-3450000,-0.05539,-0.09556,2.044,0.8957,0,2.902e-08,"BEAN","SC1B"
"201",770200,0.01283,0.0005588,5628000,4785000,0.2284,0,3.832e-12,-4140000,-3450000,-0.0558,-0.0962,2.02,0.897,0,2.757e-08,"BEAN","SC1B"
"202",807700,0.01282,0.0005218,5590000,4677000,0.2253,0,3.419e-12,-4140000,-3450000,-0.05621,-0.09684,1.996,0.8983,0,2.619e-08,"BEAN","SC1B"
"203",847100,0.01282,0.0004873,5553000,4571000,0.2223,0,3.05e-12,-4140000,-3450000,-0.05662,-0.09748,1.973,0.8996,0,2.488e-08,"BEAN","SC1B"
"204",888500,0.01282,0.000455,5516000,4468000,0.2193,0,2.72e-12,-4140000,-3450000,-0.05702,-0.09811,1.949,0.9009,0,2.365e-08,"BEAN","SC1B"
"205",931900,0.01282,0.0004249,5479000,4367000,0.2164,0,2.427e-12,-4140000,-3450000,-0.05742,-0.09874,1.926,0.9022,0,2.247e-08,"BEAN","SC1B"
"206",977500,0.01282,0.0003967,5442000,4268000,0.2135,0,2.165e-12,-4140000,-3450000,-0.05781,-0.09937,1.903,0.9035,0,2.136e-08,"BEAN","SC1B"
"207",1025000,0.01282,0.0003704,5406000,4172000,0.2106,0,1.931e-12,-4140000,-3450000,-0.0582,-0.09999,1.88,0.9047,0,2.031e-08,"BEAN","SC1B"
"208",1076000,0.01282,0.0003458,5369000,4077000,0.2077,0,1.722e-12,-4140000,-3450000,-0.05859,-0.1006,1.858,0.906,0,1.931e-08,"BEAN","SC1B"
"209",1128000,0.01282,0.0003229,5333000,3985000,0.2048,0,1.536e-12,-4140000,-3450000,-0.05897,-0.1012,1.836,0.9073,0,1.836e-08,"BEAN","SC1B"
"210",1184000,0.01282,0.0003014,5296000,3895000,0.202,0,1.37e-12,-4140000,-3450000,-0.05934,-0.1018,1.814,0.9085,0,1.746e-08,"BEAN","SC1B"
"211",1242000,0.01282,0.0002814,5260000,3807000,0.1992,0,1.221e-12,-4140000,-3450000,-0.05972,-0.1024,1.792,0.9097,0,1.661e-08,"BEAN","SC1B"
"212",1303000,0.01282,0.0002627,5224000,3720000,0.1965,0,1.089e-12,-4140000,-3450000,-0.06009,-0.103,1.77,0.9109,0,1.58e-08,"BEAN","SC1B"
"213",1367000,0.01282,0.0002452,5188000,3636000,0.1937,0,9.707e-13,-4140000,-3450000,-0.06045,-0.1036,1.749,0.9122,0,1.503e-08,"BEAN","SC1B"
"214",1435000,0.01282,0.0002289,5152000,3553000,0.191,0,8.653e-13,-4140000,-3450000,-0.06081,-0.1042,1.727,0.9134,0,1.43e-08,"BEAN","SC1B"
"215",1505000,0.01282,0.0002136,5116000,3472000,0.1883,0,7.713e-13,-4140000,-3450000,-0.06117,-0.1048,1.706,0.9146,0,1.361e-08,"BEAN","SC1B"
"216",1580000,0.01282,0.0001993,5080000,3393000,0.1857,0,6.873e-13,-4140000,-3450000,-0.06152,-0.1054,1.686,0.9157,0,1.295e-08,"BEAN","SC1B"
"217",1658000,0.01282,0.000186,5045000,3316000,0.183,0,6.125e-13,-4140000,-3450000,-0.06187,-0.106,1.665,0.9169,0,1.232e-08,"BEAN","SC1B"
"218",1739000,0.01282,0.0001736,5009000,3240000,0.1804,0,5.457e-13,-4140000,-3450000,-0.06222,-0.1066,1.644,0.9181,0,1.172e-08,"BEAN","SC1B"
"219",1825000,0.01282,0.0001619,4973000,3166000,0.1778,0,4.862e-13,-4140000,-3450000,-0.06256,-0.1072,1.624,0.9193,0,1.116e-08,"BEAN","SC1B"
"220",1916000,0.01282,0.0001511,4938000,3094000,0.1753,0,4.331e-13,-4140000,-3450000,-0.0629,-0.1078,1.604,0.9204,0,1.062e-08,"BEAN","SC1B"
"221",2010000,0.01282,0.000141,4902000,3023000,0.1727,0,3.857e-13,-4140000,-3450000,-0.06323,-0.1083,1.584,0.9216,0,1.011e-08,"BEAN","SC1B"
"222",2110000,0.01282,0.0001315,4867000,2954000,0.1702,0,3.435e-13,-4140000,-3450000,-0.06356,-0.1089,1.564,0.9227,0,9.624e-09,"BEAN","SC1B"
"223",2214000,0.01282,0.0001226,4831000,2886000,0.1677,0,3.059e-13,-4140000,-3450000,-0.06389,-0.1095,1.545,0.9238,0,9.162e-09,"BEAN","SC1B"
"224",2324000,0.01282,0.0001144,4796000,2820000,0.1652,0,2.724e-13,-4140000,-3450000,-0.06422,-0.11,1.525,0.925,0,8.722e-09,"BEAN","SC1B"
"225",2439000,0.01282,0.0001067,4761000,2755000,0.1628,0,2.425e-13,-4140000,-3450000,-0.06454,-0.1106,1.506,0.9261,0,8.304e-09,"BEAN","SC1B"
"226",2560000,0.01282,9.95e-05,4726000,2692000,0.1603,0,2.158e-13,-4140000,-3450000,-0.06485,-0.1112,1.487,0.9272,0,7.907e-09,"BEAN","SC1B"
"227",2687000,0.01282,9.278e-05,4690000,2630000,0.1579,0,1.921e-13,-4140000,-3450000,-0.06517,-0.1117,1.468,0.9283,0,7.529e-09,"BEAN","SC1B"
"228",2821000,0.01282,8.652e-05,4655000,2569000,0.1555,0,1.71e-13,-4140000,-3450000,-0.06547,-0.1123,1.449,0.9294,0,7.169e-09,"BEAN","SC1B"
"229",2961000,0.01282,8.067e-05,4620000,2510000,0.1531,0,1.522e-13,-4140000,-3450000,-0.06578,-0.1129,1.43,0.9305,0,6.827e-09,"BEAN","SC1B"
"230",3108000,0.01282,7.522e-05,4585000,2452000,0.1508,0,1.354e-13,-4140000,-3450000,-0.06608,-0.1134,1.412,0.9315,0,6.501e-09,"BEAN","SC1B"
"231",3262000,0.01282,7.013e-05,4550000,2395000,0.1484,0,1.205e-13,-4140000,-3450000,-0.06638,-0.114,1.394,0.9326,0,6.191e-09,"BEAN","SC1B"
"232",3424000,0.01282,6.539e-05,4515000,2340000,0.1461,0,1.072e-13,-4140000,-3450000,-0.06668,-0.1145,1.375,0.9337,0,5.897e-09,"BEAN","SC1B"
"233",3594000,0.01282,6.097e-05,4480000,2286000,0.1438,0,9.54e-14,-4140000,-3450000,-0.06697,-0.1151,1.357,0.9347,0,5.616e-09,"BEAN","SC1B"
"234",3773000,0.01282,5.684e-05,4445000,2233000,0.1416,0,8.489e-14,-4140000,-3450000,-0.06726,-0.1156,1.339,0.9358,0,5.35e-09,"BEAN","SC1B"
"235",3961000,0.01282,5.299e-05,4410000,2182000,0.1393,0,7.553e-14,-4140000,-3450000,-0.06754,-0.1161,1.322,0.9368,0,5.096e-09,"BEAN","SC1B"
"236",4158000,0.01282,4.941e-05,4375000,2132000,0.1371,0,6.721e-14,-4140000,-3450000,-0.06782,-0.1167,1.304,0.9379,0,4.854e-09,"BEAN","SC1B"
"237",4365000,0.01282,4.607e-05,4341000,2082000,0.1348,0,5.98e-14,-4140000,-3450000,-0.0681,-0.1172,1.287,0.9389,0,4.624e-09,"BEAN","SC1B"
"238",4582000,0.01282,4.295e-05,4306000,2034000,0.1326,0,5.322e-14,-4140000,-3450000,-0.06837,-0.1178,1.269,0.9399,0,4.405e-09,"BEAN","SC1B"
"239",4810000,0.01282,4.005e-05,4271000,1987000,0.1305,0,4.736e-14,-4140000,-3450000,-0.06865,-0.1183,1.252,0.9409,0,4.197e-09,"BEAN","SC1B"
"240",5049000,0.01282,3.735e-05,4236000,1942000,0.1283,0,4.216e-14,-4140000,-3450000,-0.06891,-0.1188,1.235,0.9419,0,3.999e-09,"BEAN","SC1B"
"241",5301000,0.01282,3.483e-05,4201000,1897000,0.1261,0,3.753e-14,-4140000,-3450000,-0.06918,-0.1194,1.218,0.9429,0,3.811e-09,"BEAN","SC1B"
"242",5565000,0.01282,3.249e-05,4166000,1853000,0.124,0,3.341e-14,-4140000,-3450000,-0.06944,-0.1199,1.201,0.9439,0,3.631e-09,"BEAN","SC1B"
"243",5842000,0.01282,3.03e-05,4132000,1811000,0.1219,0,2.975e-14,-4140000,-3450000,-0.06969,-0.1204,1.184,0.9449,0,3.46e-09,"BEAN","SC1B"
"244",6e+06,0.01282,2.916e-05,4112000,1788000,0.1207,0,2.79e-14,-4140000,-3450000,-0.06984,-0.1207,1.175,0.9455,0,3.369e-09,"BEAN","SC1B"
